-1.0860003 -0.5895430 0.6516002 1.0239431
-0.7887914 -0.5092198 -0.1497705 1.4477818
-0.79431662 -0.59027198 -0.03643654 1.42102515
-0.6057528 -0.4980634 -0.3903740 1.4941902
-0.7842144 -0.7297551 -0.5391474 0.5500393 1.5030776
-1.1596908 -0.2799254 0.1999467 1.2396695
-1.2402159 -0.3382407 0.5637345 1.0147221
-1.39270665 -0.03904785 0.58571775 0.84603675
-1.0860003 -0.5895430 0.6516002 1.0239431
-0.9408964 -0.6107573 -0.2806182 0.2145904 1.6176816
-0.8928437 -0.8928437 -0.3434014 0.9615239 1.1675648
-1.4634182 -0.2660760 -0.1330380 0.7982281 1.0643042
-0.81787375 -0.71434543 -0.19670381 0.06211699 1.66680600
-1.0679471 -0.5553325 0.4698967 1.1533828
-1.2376806 -0.3766854 0.6995586 0.9148074
