0, 0, 0, 0, 8, 3, 7, 7, 0, 0, 0, 0, 0
1, 0, 20, 13, 0, 5, 21, 18, 6, 5, 0, 9, 30
0, 0, 0, 0, 6, 7, 10, 40, 0, 0, 0, 0, 8
0, 0, 0, 1, 0, 2, 0, 14, 0, 0, 0, 1, 4
0, 0, 0, 0, 0, 14, 7, 50, 0, 0, 0, 6, 22
4, 4, 1, 16, 19, 9, 18, 43, 11, 5, 10, 54, 20
0, 0, 11, 5, 6, 11, 33, 35, 0, 6, 19, 10, 0
0, 2, 0, 4, 4, 0, 8, 29, 0, 0, 0, 0, 9
0, 3, 3, 4, 3, 5, 12, 8, 0, 0, 1, 0, 6
0, 0, 1, 3, 1, 5, 8, 9, 0, 2, 0, 2, 1
0, 0, 0, 4, 20, 6, 0, 18, 0, 1, 0, 12, 2
0, 0, 0, 3, 0, 3, 24, 18, 0, 0, 0, 0, 0
0, 0, 4, 1, 0, 0, 15, 29, 0, 0, 0, 0, 2
